global vcDB vcAng icDB icAng;

vcDB = [
2.1e2  -7.46;
5.33e2 -7.39;
1.55e3 -7.32;
3.92e3 -7.34;
1.07e4 -5.95;
2.5e4  -3.14;
4.9e4  -2.26;
1e5    -4.33;
2.43e5 -9.81;
1.16e6 -24.7;
 ];

vcAng = [
    2.56e2 0.3;
    6.96e2 2.8;
    1.33e3 4.8;
    2.85e3 4.1;
    5.6e3  15.82;
    1.22e4 17.56;
    2.82e4 4.04;
    5.54e4 -16;
    1.01e5 -43.63;
    2.56e5 -69.8;
    1.33e6 -85.79;
];

icDB  = [
    2.09e3 -61.14;
    8.39e3 -61.76;
    2.15e4 -62.89;
    4.72e4 -67.19;
    1e5    -75.9;
];

icAng = [
    1.78e3 -2.57;
    4.35e3 -12.3;
    8.89e3 -19.11;
    1.78e4 -35.99;
    3.23e4 -56.1
    7.64e4 -81.8;
    1.11e5 -92;
];